588.0404
1.8024
796.2091
187.1421
913.5861
562.0032
398.7931
300.7516
691.1280
561.7554
345.0988
517.3222
801.3383
89.4341
593.7353
981.4529
700.4672
842.6350
586.4591
140.0335
590.5660
847.0467
533.6489
275.4296
148.7136
143.1141
921.2031
498.7419
55.6438
639.2337
375.7029
278.6517
102.1831
652.6057
949.9356
748.0228
763.1718
153.6562
636.6267
582.1941
358.4062
590.4848
735.7230
547.1980
729.5120
839.1169
312.3900
496.9060
924.9727
286.4120
681.1210
600.5570
421.7771
576.4295
362.4861
990.8485
711.2038
350.3288
150.6715
424.2155
24.9271
554.3728
474.6541
761.1032
20.3024
797.5754
375.2626
816.8862
430.2377
577.5020
850.0525
804.7889
494.0800
88.4272
356.6653
857.7006
294.6377
23.2147
517.6072
562.3849
857.1135
826.3703
910.5834
882.1574
664.0634
197.0440
825.1341
605.1174
221.8751
775.0522
518.0574
610.7801
486.6121
807.1619
459.1286
870.7134
953.5621
88.3601
133.8460
892.4429
341.6915
258.3062
274.9971
725.7676
892.5722
418.0810
565.6779
689.6867
614.4455
71.6363
870.6985
519.9652
948.2832
101.8197
971.9652
177.6445
875.2482
601.3602
805.5316
18.4893
609.1291
110.4279
317.9489
830.9979
322.9913
325.7546
215.6010
427.1931
36.0541
291.8477
835.5779
190.1979
282.9873
694.5902
306.0921
147.6094
81.4356
927.6904
27.9071
817.2867
810.9055
449.4563
998.6847
587.8673
929.3619
517.8548
524.0459
842.3743
949.7916
457.4106
970.7438
557.0282
143.3081
729.9803
805.6974
952.8297
538.1010
362.9612
558.4033
532.7070
185.3231
64.5726
79.3799
312.2817
453.8534
256.9978
535.7240
117.5080
566.5487
909.1575
891.9026
623.3489
670.9335
375.9949
698.1215
711.4962
222.9955
705.0119
218.1998
478.9778
865.1153
927.0552
94.6078
154.5682
135.5920
504.5733
396.1988
248.9294
606.8202
585.3740
87.1378
722.2657
7.2816
620.7662
821.7577
27.9664
89.9640
410.1543
819.3470
74.1460
434.7925
927.5058
804.9614
408.9735
710.2472
782.8044
217.5289
739.7886
739.3300
592.7230
110.5417
646.8143
314.9320
144.0187
109.3729
329.5919
49.9437
274.3749
710.7683
420.3713
726.8851
659.6910
712.6249
648.4428
442.8629
921.2601
841.1889
286.5431
801.9144
870.1773
753.9283
227.0065
666.4983
618.6658
502.0801
802.3206
687.7633
31.8126
286.8506
671.1931
869.7880
979.1742
406.2071
584.3213
33.0796
296.9150
993.1300
937.9262
274.6397
284.2520
636.1334
985.4342
174.1475
890.0089
925.7979
366.1684
451.4462
98.6472
7.9340
238.4342
113.5635
542.4935
848.0661
63.8003
576.0465
1.2416
513.0439
382.8866
923.0236
851.2038
670.7651
498.7931
76.9642
909.2212
990.9131
396.9182
761.8651
2.8189
333.5505
367.5546
335.7282
143.4794
729.3989
958.6923
433.8809
261.2837
154.4472
334.1416
57.3908
190.9248
54.8194
274.5043
111.1228
586.2439
112.2041
180.0953
11.8281
652.7943
113.0369
806.1284
749.8562
473.5225
58.2603
404.3629
891.1758
966.1444
31.7866
278.1248
709.4295
915.4521
302.2412
210.3074
458.8659
315.5073
803.2415
645.3773
546.4924
550.4559
763.5641
318.2033
915.2083
285.6920
645.4679
252.4024
851.0548
370.5136
330.4132
588.2498
577.0240
391.2195
838.1349
563.2447
332.0691
484.2559
564.7372
69.5830
717.9360
874.2169
678.4950
252.8561
508.4068
755.6400
49.4928
415.5923
539.9353
833.8474
160.7384
20.9476
550.3614
137.2525
259.5675
105.4479
240.1246
386.5260
492.7529
577.2400
934.4845
170.6696
343.8803
852.8622
768.4380
641.3442
382.7333
391.6423
832.6928
711.5520
315.2522
461.8681
540.9083
99.7503
85.0544
411.8822
737.6714
597.5859
58.1690
417.5036
853.6539
462.9997
506.6597
457.9555
871.7473
992.1552
983.2187
72.2241
215.1809
932.3528
289.2514
844.8102
129.1300
796.7864
963.4398
109.0223
462.4344
122.1240
448.0579
453.0650
83.1267
23.3310
299.1306
13.3609
737.4086
683.2768
486.1555
444.1339
549.8032
911.4697
326.3280
947.2593
700.1402
599.2472
24.0355
149.5580
921.4538
373.1252
262.9807
135.2126
659.8402
725.2453
44.2587
666.1363
665.5406
914.2352
431.6242
397.8444
303.9959
709.5794
407.0260
724.2926
248.4480
576.6962
213.0153
690.7014
776.7001
75.2919
49.3305
208.4368
724.9339
782.3799
200.9543
355.8919
841.8875
12.6172
600.9618
605.5890
225.1065
406.9080
908.3569
16.8593
589.1662
201.4270
643.5193
221.4490
275.5347
82.1463
486.5421
666.5026
223.4184
821.1481
76.9245
689.2036
896.2459
622.5702
139.3342
355.4270
188.2754
773.9769
788.7121
252.2420
336.4170
899.8276
649.1331
900.4704
53.1810
828.2534
550.3576
999.3116
950.1910
655.3838
573.8862
776.8237
597.6887
264.2085
615.2555
377.2088
366.8262
954.0966
489.6323
771.2001
25.1834
518.6808
785.1155
195.2235
379.1435
887.8645
637.7054
800.4876
910.1807
466.5068
875.6005
219.5030